1 -0.145679458736261 -0.316537290216034 -0.29681026738791 -0.0809819521705212 -0.199178373821445 -0.105755283026829 -0.148193021458546 0.0800130301079612 -0.10680507807792 -0.128210732341544 -0.179417301739626 -0.0892477053557617 -0.167808689569759
-0.145679458736261 1 0.442129554980247 0.507180582729255 -0.24861068932879 0.750583852933804 0.721235497199124 0.947300170185108 -0.177205749108281 0.658301951702811 0.283949737157174 0.566827970129128 -0.166211267873139 0.62237586767472
-0.316537290216034 0.442129554980247 1 0.746625505573922 0.314593278455533 0.614178972236799 0.360378122268868 0.416618017127825 -0.0968650786956465 0.380716574673392 0.372513606680303 0.464276778723614 0.185854715757272 0.416795285235949
-0.29681026738791 0.507180582729255 0.746625505573922 1 0.235727091350738 0.631666656402331 0.406868864390177 0.505090171499591 -0.114357859655983 0.398570561801614 0.241001913462524 0.368688956710739 -0.0193670211936528 0.438117171709808
-0.0809819521705212 -0.24861068932879 0.314593278455533 0.235727091350738 1 0.412783991084567 -0.13244605829488 -0.285770556308352 0.146608369085367 -0.0919616124277324 0.138665523515619 0.00422325974649765 -0.0883105578448242 0.0670388593303756
-0.199178373821445 0.750583852933804 0.614178972236799 0.631666656402331 0.412783991084567 1 0.572505382982849 0.735288631105345 -0.0739368433636777 0.564220125793588 0.385997283519358 0.578639099070334 -0.238170718304573 0.680450881150703
-0.105755283026829 0.721235497199124 0.360378122268868 0.406868864390177 -0.13244605829488 0.572505382982849 1 0.688474062086774 -0.138661620122513 0.892229440486281 0.311541403625565 0.572732778535441 -0.124079769597555 0.580990933618988
-0.148193021458546 0.947300170185108 0.416618017127825 0.505090171499591 -0.285770556308352 0.735288631105345 0.688474062086774 1 -0.186490069321753 0.650510553044668 0.28004520771916 0.594489176019304 -0.204537779023269 0.653329010820683
0.0800130301079612 -0.177205749108281 -0.0968650786956465 -0.114357859655983 0.146608369085367 -0.0739368433636777 -0.138661620122513 -0.186490069321753 1 -0.190426891113209 0.479113665142528 -0.29318917640419 -0.250351877880138 -0.225008261333044
-0.10680507807792 0.658301951702811 0.380716574673392 0.398570561801614 -0.0919616124277324 0.564220125793588 0.892229440486281 0.650510553044668 -0.190426891113209 1 0.328288811134665 0.663264021805375 -0.157301462248885 0.673401142634437
-0.128210732341544 0.283949737157174 0.372513606680303 0.241001913462524 0.138665523515619 0.385997283519358 0.311541403625565 0.28004520771916 0.479113665142528 0.328288811134665 1 0.562174572105461 0.156086592815189 0.555249641648351
-0.179417301739626 0.566827970129128 0.464276778723614 0.368688956710739 0.00422325974649765 0.578639099070334 0.572732778535441 0.594489176019304 -0.29318917640419 0.663264021805375 0.562174572105461 1 -0.00861911847146099 0.912110317219757
-0.0892477053557617 -0.166211267873139 0.185854715757272 -0.0193670211936528 -0.0883105578448242 -0.238170718304573 -0.124079769597555 -0.204537779023269 -0.250351877880138 -0.157301462248885 0.156086592815189 -0.00861911847146099 1 -0.22623143824854
-0.167808689569759 0.62237586767472 0.416795285235949 0.438117171709808 0.0670388593303756 0.680450881150703 0.580990933618988 0.653329010820683 -0.225008261333044 0.673401142634437 0.555249641648351 0.912110317219757 -0.22623143824854 1
